,postcode,CB4 1UY,CB4 1NL,CB4 1JY,CB4 3LF,CB4 3LE,CB4 3HL,CB4 3AX,CB5 8BA,CB5 8AQ,CB1 3NF,CB2 1RT,CB5 8RG,CB5 8WR,CB1 3NL,CB5 8JJ,CB5 8PA,CB3 0AD,CB2 3DT,CB2 1AB,CB1 7AG,CB2 1UW,CB1 7AA,CB2 1DP,CB1 1LN,CB2 1DB,CB1 1DG,CB1 1BG,CB1 1LH,CB1 1HR,CB1 9HX,CB2 1EG,CB1 7DY,CB1 2QA,CB25 9AQ,CB1 2AZ,CB1 2BD,CB1 2AS,CB1 2LF,CB2 3AR,CB2 1AW,CB2 3JU,CB3 0LX,CB2 8PB,CB2 1UF,CB4 1HA,CB2 1QA,CB2 3QF,CB2 1SU,CB2 1SJ,CB2 1RQ,CB2 1RG,CB2 1QY,CB2 1NW,CB2 1NT,CB2 1LA,CB2 1TW,CB2 3RH,CB3 0AF,CB2 8NX,CB2 3NJ,CB2 3PP,CB3 0AH,CB2 1UG,CB2 1UJ,CB2 3JX,CB2 3LL,CB3 9EY,CB4 1EH,CB3 0DQ,CB3 0DF,CB4 1EP
0,CB4 1UY,0.0,1287.5497059047004,73.21519539853271,860.7416707045821,947.8195803624446,1117.9571362712118,133.63543881761666,832.9536392715926,721.3743585660633,2408.6558521563948,1741.1312905293,2658.4562438450585,1605.7033332941953,2639.133885966762,1707.584421964225,2236.402984665867,934.3579387826308,1308.974383148879,1556.8308272729275,3137.799135044083,845.0669144407623,3070.870672415084,1658.0519467986041,862.5103231674918,1476.6170790690817,1145.0079372779562,1280.5641951046573,854.8099077538573,1018.6064192159176,4547.867773079507,1816.3684462626663,2885.968996735141,1777.12845250278,6840.776258407915,2011.5310655833812,1915.779527653775,1776.8269230234296,1457.872002103284,1337.4950682268484,1651.4911789522569,997.0410591295387,2480.2330443049623,2982.878369934124,822.8434915934002,335.3512533716159,1799.1299539292665,1252.0657096829248,1097.2987177529012,1292.9672198194437,1616.3919601735386,1474.2438197352526,1631.7903245935443,2010.8327060230793,2236.040880974514,2040.4656861653177,891.6077034949133,1321.6636182917066,840.0370970878963,2951.767425115262,1129.3978288989695,1257.571646008631,878.7013242221414,794.6584744866798,806.6985132761071,1026.2024975511788,1070.6479414703472,1939.078763085943,133.57697933031847,1566.3658689256495,1254.0200571247724,173.98157757657125
1,CB4 1NL,1287.5497059047004,0.0,1216.1704815633718,2127.720680739605,2206.663652394944,2176.125297357225,1365.4580147354368,1933.8124365982305,1931.8438981955476,2319.231326149055,2695.023933891522,1588.1056236407878,987.1904455828251,2405.833798618363,723.6799871094728,1140.2254936955537,2194.5794874262187,2198.6417318041154,2235.649705427808,3300.514530766152,2059.5443902391635,3284.8883589620987,2307.288952292871,1768.6250095225435,2212.9831175697564,1513.470083094459,1647.8377979966533,1827.133585274979,1320.2734749250226,4048.6234828685674,2468.5237665959185,3138.79352154789,1752.5534499201826,5594.794105805224,2103.730148674735,2090.0010856757112,2026.3022641262128,1547.350761417567,2141.8986210092494,2287.7035087758945,2065.5339776873875,3565.7917912969533,3279.0245707482245,1987.602183815821,1225.7468210449442,2583.340364291423,2187.6272072718475,2169.6753408086047,2319.4028943310273,2596.327204432936,2443.8396992938624,2513.8359515386055,2514.987309267782,2670.0342911419193,2551.451941811029,2029.2513553597025,2299.411574623073,2082.8224933484757,3262.1053992222733,2144.0406832956223,2263.603013820674,2165.4354697534154,1955.9698241352428,2015.0358554734519,2090.1144151010744,2135.27309094416,2936.642235580856,1298.0697608160642,2776.2117248984177,2522.9160943259553,1143.489779863372
2,CB4 1JY,73.21519539853271,1216.1704815633718,0.0,925.6380481347361,1011.2233237168689,1152.960495105467,192.9783603933358,892.3814336391507,790.2707959992166,2400.6948829763414,1795.8127307565996,2600.7655791780435,1560.0727983598065,2624.68458096273,1648.4616069215126,2176.064515752741,1007.233345151666,1355.4834865616858,1589.9592056415283,3149.024913614264,914.8759337644328,3084.845731993865,1690.1697251663675,903.0074150332217,1513.1000675269709,1146.3154056693231,1285.6115758562778,901.7870866697518,1010.0060710896444,4525.728048050985,1850.258903469495,2901.3943253840494,1765.9910968375739,6774.856661288148,2010.5670144303085,1918.799897841898,1782.892087323572,1447.9426172817557,1377.5226295084274,1682.5977145339855,1055.291265096256,2525.660760106272,3001.3793143047073,888.2523635495814,336.2301530686976,1842.174099734735,1301.6728135596961,1156.808272368456,1350.2616747437912,1672.2546024951955,1528.457833335608,1680.6336344722495,2036.3365564076025,2258.758235797759,2066.677378713237,955.0968586609711,1375.3359905520992,911.8747180140393,2970.98266601189,1184.3130709833931,1312.9606444421909,951.0299620482403,859.5172500383263,875.8488336326982,1084.3404976944662,1129.2681272008815,1997.6138272328428,167.1873193274632,1623.5887076870088,1320.010018369956,131.96733025548613
3,CB4 3LF,860.7416707045821,2127.720680739605,925.6380481347361,0.0,94.98223499700833,634.4456535687158,831.3537519747765,921.1437661299043,673.4375324213104,2994.6114263298377,1674.692094807671,3511.48288842374,2426.291281993333,3267.6373752106847,2564.3814238535188,3094.5071132028347,535.7626852073812,1442.7109133891931,1817.650463763931,3532.8018445044986,679.865247859071,3440.2863458236047,1918.0929975404506,1187.381912387285,1709.4684537954006,1738.4955150199057,1832.9544748985256,1109.949106583283,1686.849585207052,5208.104360319895,2038.715125575695,3246.77651922804,2409.952247880179,7700.452922823748,2558.0809750673666,2435.076981682548,2279.471680962992,2099.579448301974,1550.2142609829407,1923.714784481001,1034.73505497859,1726.4317785152964,3308.163913556135,797.6847377699703,1085.5108625575026,1906.118821966622,1353.8773835593313,1076.5778846078713,1259.2471788746786,1546.6983843409375,1457.4639913776375,1676.178067556387,2311.328372800116,2551.105858334619,2331.002196009089,872.7093008650149,1344.4918083920734,586.0711369427602,3270.54534836052,1180.349845569353,1266.294247286848,293.576135130778,798.6939204900231,689.32423748796,1055.214644044326,1075.498820261213,1776.6419783421638,903.7834336518633,738.3191784812966,395.4876763923725,1029.3278780730361
4,CB4 3LE,947.8195803624446,2206.663652394944,1011.2233237168689,94.98223499700833,0.0,592.1309271730693,923.0551089122491,1003.8760838162144,757.4206514568482,3086.047002072043,1730.975172788799,3601.886587586232,2519.7167199708697,3360.2944596223406,2653.6701481210202,3183.3859475490385,594.6617273839353,1517.9905334110483,1897.1147341687488,3614.1183243488636,754.5833458654066,3520.2027794127644,1996.7967898775833,1276.0959425479477,1788.128755296854,1832.0521506010793,1925.2599369260518,1196.9127480012612,1781.6278424807347,5301.049392506809,2114.231625260391,3326.54787365444,2503.428102638427,7784.8578543614,2648.6322509268653,2524.796743271898,2368.8806745939737,2193.575661734048,1629.1915972907325,2003.113217599942,1111.207064131094,1633.0924417380838,3385.5381030780873,877.5486523682297,1179.1709591211736,1974.48224447017,1428.2949353982444,1147.686501824966,1325.0981811868394,1604.4254135982094,1521.1973216288036,1741.9781304437595,2390.3116743174264,2630.004953874489,2409.282511980211,950.1653775173959,1413.295048030485,658.5462809351861,3347.5783402923744,1254.3625036852154,1335.4327800348954,352.05604520275944,880.4395766488311,767.509635242553,1130.55833639257,1148.5803878261017,1822.2265997561751,995.1982111873482,643.373835660487,319.03351648756006,1117.8712103154483
5,CB4 3HL,1117.9571362712118,2176.125297357225,1152.960495105467,634.4456535687158,592.1309271730693,0.0,1164.7150305697191,1508.423486149298,1263.4874682350037,3481.103593299986,2307.605387643243,3698.600029322685,2707.597769902978,3731.0775042891673,2747.2445314018023,3258.855699540458,1169.4734238188787,2047.88590673428,2405.4519436049227,4103.252566966854,1296.1141402802607,4018.0713111457853,2508.16446332761,1732.4207277787154,2301.3161072894754,2204.4521556278314,2321.192858389598,1669.9773314075342,2109.937343932857,5655.049526206691,2639.295775393719,3825.855287374966,2864.9174696381106,7758.530946465371,3060.7267607353397,2948.7723930225516,2798.212400010839,2545.690121740864,2142.317848386055,2510.9624876349208,1641.0071434323065,1397.6362205775988,3897.4133645842485,1398.4674677171572,1435.4947159492847,2524.9632943225292,1962.1379931657516,1694.5844324952302,1884.466911247293,2178.9345488369995,2084.620607165528,2299.9917130054373,2897.8354166107156,3136.7689928144005,2920.261980493619,1478.916621427647,1964.8261666399342,1207.9767045246851,3861.2353879108505,1791.2078185472526,1886.4877530175604,928.0088923515356,1393.1090555677117,1297.5710548112845,1664.178639915233,1689.5361211548213,2410.4386755463124,1221.9507985944351,703.7401912522989,757.6584203275859,1283.953500366278
6,CB4 3AX,133.63543881761666,1365.4580147354368,192.9783603933358,831.3537519747765,923.0551089122491,1164.7150305697191,0.0,700.5187856295423,601.1778460297562,2330.445091409747,1607.5636203627034,2680.9064109290834,1600.4283207873154,2570.681559512099,1736.5903012633298,2267.5196566487552,833.925510815309,1176.6318908524213,1432.039008616767,3033.0335810444667,727.2601404780737,2963.0033489015746,1533.9345721873317,733.6855852602667,1349.4670445968554,1057.6162167930493,1187.1117133223827,722.6066182544319,947.4077555662323,4490.494113234646,1690.7508023259613,2776.618766555839,1705.3760000306588,6887.864659096258,1923.8953443336643,1822.8720410928033,1680.2194660958914,1385.539294404782,1208.219775783911,1528.1934397386337,864.1642969220413,2498.9808852935003,2870.183424295042,695.674283658589,272.6427118075541,1668.0022663023337,1118.8588350607813,964.9645917755698,1159.838108305161,1482.973308595286,1340.633222159385,1498.6815892142872,1892.022623907499,2119.6579695706346,1920.977557925763,762.1190859078529,1188.0302927892342,731.0459069892033,2838.35499521938,995.822251604239,1124.0575860969516,806.4352835958423,666.756454064894,687.0064012820196,893.2925855446352,937.9236512372012,1806.4133655395294,73.02871333007985,1557.2655201223479,1216.2106301817741,221.97605709561293
7,CB5 8BA,832.9536392715926,1933.8124365982305,892.3814336391507,921.1437661299043,1003.8760838162144,1508.423486149298,700.5187856295423,0.0,248.22098528253187,2117.6726728768635,914.9572542611512,2988.2715672134455,1839.5622460265054,2408.1611478310174,2111.9583153315098,2626.6030148918653,488.8284364992936,545.0267252172641,899.386112818023,2611.743318209544,275.8477343686343,2520.1531660135256,1001.2309360127158,313.7675986873812,793.4963541000342,934.6402748646943,988.2139821751357,217.85894283623912,961.5452576104793,4346.5414998341785,1131.1090618318892,2326.8425019787983,1579.7759086851486,7258.856229213638,1673.1673895880774,1542.4681195551218,1385.0306836615534,1296.3116212096281,634.222222261716,1005.3476084995201,165.5063426378107,2609.388673003936,2392.0356817528514,135.5013596672868,716.5594327320952,1037.341984906698,465.492653470399,264.45476642968976,461.9285721588372,787.445393714253,651.6651459302191,834.7245479456815,1393.1164038863458,1632.7729575205135,1414.160749642298,109.65896771250618,504.0339135941982,370.4319138688147,2355.182921665434,310.3796151766346,432.958255553692,676.6022665230258,124.39183361148696,246.07747150327737,194.7054773295346,238.042416932239,1106.1570016939622,733.5857357545373,1594.6577459865653,1156.0557818806644,875.6153154185121
8,CB5 8AQ,721.3743585660633,1931.8438981955476,790.2707959992166,673.4375324213104,757.4206514568482,1263.4874682350037,601.1778460297562,248.22098528253187,0.0,2345.8631265750096,1103.8662253998277,3099.314715309549,1961.3449164033361,2630.127879357602,2192.8008925145505,2717.7517985667814,302.20152398642637,784.7717133569557,1147.2861493172688,2859.7898088923394,128.15423886165178,2768.374139615194,1248.8382151418436,528.6623720497536,1040.758159494132,1126.1839993569918,1198.5703734684512,442.979495320149,1119.7372645421722,4571.068863102088,1376.1818276195372,2575.0601036343805,1788.073797093917,7356.814934381184,1903.833414604779,1776.1592968564926,1619.2408092990677,1491.9224815331227,881.3522410478332,1253.294989768998,380.64740499534315,2372.4781592899135,2639.740193824428,139.12904241511345,711.5310330010312,1268.9100174990765,700.3902254591986,450.07024958230147,652.5932709335862,973.0393880869932,853.1228712410444,1054.2945777877135,1641.0968970103147,1880.7979582817916,1661.8768405560247,222.79668684675616,717.1755024625116,171.61429662884845,2602.736388103812,532.7802374009977,640.3766638057483,441.4777027034897,129.68366228233964,85.86168922313527,405.8765230777558,437.3579178043704,1265.9174303578577,654.4222048258335,1359.9624147173042,928.3812725345998,810.1490750529674
9,CB1 3NF,2408.6558521563948,2319.231326149055,2400.6948829763414,2994.6114263298377,3086.047002072043,3481.103593299986,2330.445091409747,2117.6726728768635,2345.8631265750096,0.0,1994.572455695143,1967.9532149061254,1361.6855870246181,320.2252737259177,1776.967092435237,1929.924427329176,2604.346975285694,1755.3190481995384,1386.5340707566882,1032.084256613593,2393.1384357471893,1057.727096546613,1332.9892633295876,1817.2216131492096,1486.8196669563508,1276.762784733251,1164.447735048885,1904.9781842373188,1390.8141246374146,2230.2150279698044,1348.3738132842634,975.2023925602984,639.6219631631566,5895.816659310379,446.4477766966955,584.3370549186147,740.0139642635438,953.2934605824312,1606.0839061620802,1310.4422030570397,2071.408527781628,4715.860912495893,1135.831822060009,2253.144672145924,2073.444238169336,1617.390248814008,1837.3583807824664,2095.981498653939,2033.7909493466589,2015.1293310368646,1947.7972585529453,1790.1884054235184,1085.1331032308613,991.8570999919513,1103.2053812446593,2203.5355778141557,1932.143719863625,2487.9898729446954,1138.919155394291,1979.133732848926,1981.0724155599175,2787.235994960526,2239.548157043993,2363.0815936317385,2065.941341896738,2074.2700416893904,2197.0569371654688,2284.5924831487323,3705.5986699145583,3272.274832395934,2275.1397797567197
10,CB2 1RT,1741.1312905293,2695.023933891522,1795.8127307565996,1674.692094807671,1730.975172788799,2307.605387643243,1607.5636203627034,914.9572542611512,1103.8662253998277,1994.572455695143,0.0,3421.654888388857,2308.143594083955,2314.740520447709,2682.3107274566237,3139.877005360765,1138.9726937738915,496.83472806918917,649.8036938775692,2104.6687946248717,1030.2779975798378,1985.671437585748,672.0621896391103,942.0936452666614,588.2654998524604,1300.7064953378979,1236.705512343373,908.9073540917935,1449.8445249592805,4142.910674246136,651.5824647225897,1799.2555457487408,1690.9835492248124,7661.486877000652,1584.9412369940942,1445.260182513488,1316.7795063997369,1540.5056665453683,579.9805194450337,697.1920332121044,749.5606939354568,3147.0082190673957,1809.4348369578647,967.7035802179112,1562.9519288521835,388.267115979065,513.6190950565378,658.5825172578715,454.86713909748863,131.05609379977975,267.60398657166104,223.49602302334992,948.083690130357,1145.063506624554,944.7788896623101,885.1715704602545,421.21553074160033,1107.4376081377677,1767.2752463970357,611.7434723154561,483.77239614692536,1381.994589296117,986.8030708321477,1042.2072576716357,720.4543756889817,679.0395051496453,252.96079174986724,1631.375248776175,2171.7305085558824,1740.456986279549,1759.3337276248858
11,CB5 8RG,2658.4562438450585,1588.1056236407878,2600.7655791780435,3511.48288842374,3601.886587586232,3698.600029322685,2680.9064109290834,2988.2715672134455,3099.314715309549,1967.9532149061254,3421.654888388857,0.0,1150.57450181319,1825.9227342533616,954.0775641165998,448.2834411517292,3399.8332361908724,2977.444390580547,2792.342532071635,2955.379210228468,3210.5073629304134,3006.477434102646,2808.772564982037,2708.673948693517,2835.40610665622,2145.517999659139,2186.9877119446196,2800.167447503297,2046.6317403907017,2794.4267371704705,2920.6540669718393,2941.838791398107,1807.3405668705145,4274.054200581807,2082.691268221566,2171.440205490971,2224.837125929658,1883.6009410780146,2855.292070873431,2782.480863192997,3055.899519346073,5095.978447190416,3102.584306723839,3093.530511130583,2441.6711936542983,3145.8260548500944,3014.916978313089,3139.3716985806063,3206.738439825892,3372.8323021297433,3241.6954652967306,3200.220574008126,2790.7641179489387,2817.2439500382206,2823.01848937856,3097.884294529749,3140.087206785796,3270.50116800813,3106.7275898214575,3061.327166535908,3142.395018636319,3457.7254617540216,3064.8308476906464,3165.518475814273,3069.9145523106295,3104.954921021038,3671.786178269116,2608.1434647603505,4224.276174287816,3896.4099890218035,2485.8005360401194
12,CB5 8WR,1605.7033332941953,987.1904455828251,1560.0727983598065,2426.291281993333,2519.7167199708697,2707.597769902978,1600.4283207873154,1839.5622460265054,1961.3449164033361,1361.6855870246181,2308.143594083955,1150.57450181319,0.0,1421.3049964069353,444.20448439608333,831.7807414046375,2263.3187283248662,1844.6806159316016,1706.460843932725,2376.4924322073375,2068.420050981931,2378.7465042008207,1741.4278812677512,1558.1284663696683,1732.3773843905026,1011.2287154329633,1075.790940185122,1649.6364000748001,897.579837390446,3110.6865545951196,1875.5434575365946,2253.6497810843534,881.6655602112847,5424.479393105567,1232.5605157513548,1262.8938809388496,1254.1850020275442,814.7812161322485,1731.6464419252259,1716.346794154552,1905.3511893194761,4085.4050713633274,2404.8323289256377,1947.7933956828274,1340.891365651054,2070.274768740264,1875.618727607999,1989.4207851846645,2062.924783330578,2247.937400243427,2110.667705315398,2091.4126977200954,1815.2567325122875,1908.642640234215,1850.9928782583238,1949.2210750102524,2000.9381931610153,2132.958159474246,2394.6852010570487,1913.5492109423499,1998.7467761331473,2340.063593774569,1919.7160897787892,2023.9856159768915,1919.5127617382702,1954.8833977288082,2560.7961990406743,1530.280000512293,3157.4817764914183,2798.0119074745585,1432.8112316415818
13,CB1 3NL,2639.133885966762,2405.833798618363,2624.68458096273,3267.6373752106847,3360.2944596223406,3731.0775042891673,2570.681559512099,2408.1611478310174,2630.127879357602,320.2252737259177,2314.740520447709,1825.9227342533616,1421.3049964069353,0.0,1796.534376938915,1859.2839791417748,2896.5873851450847,2066.8638621296177,1703.5036272463165,1131.18924474586,2684.0071596357375,1191.5818837242985,1652.1012602947721,2102.344160866928,1802.1424368220794,1533.1984729881256,1435.444815391415,2192.8861348932855,1623.3882641916098,1941.5255258987095,1668.4778458740832,1156.118524122336,866.1690954803879,5623.054504723553,753.0948396327502,894.3677156932386,1046.5151920080846,1185.5413305644602,1917.2070083815252,1629.2905464742516,2370.7930949177235,4992.985771815589,1313.8060185052243,2543.5688665978546,2306.3178618129873,1937.487692597908,2147.2018858638626,2400.253914136184,2345.6828879102836,2334.35830203752,2264.759588792403,2109.781653223355,1402.1170777040336,1295.1214246787072,1418.9033268831292,2497.754512765761,2244.9364310625974,2777.388020884607,1325.9793021612677,2284.4929630553315,2291.709540108286,3071.3659199701847,2528.359549516947,2652.128218162506,2366.7811059412143,2377.287369389423,2516.9032084408486,2519.9839470242846,3987.05321686309,3558.402901494926,2495.862349027871
14,CB5 8JJ,1707.584421964225,723.6799871094728,1648.4616069215126,2564.3814238535188,2653.6701481210202,2747.2445314018023,1736.5903012633298,2111.9583153315098,2192.8008925145505,1776.967092435237,2682.3107274566237,954.0775641165998,444.20448439608333,1796.534376938915,0.0,531.1239652749333,2488.3118199998726,2201.6671528643296,2107.8654509178546,2802.531492891506,2310.5878842041684,2810.7876315800386,2151.8553867764535,1860.8323471754602,2122.1215294970298,1384.2448372497695,1472.3337149792526,1944.5048344841507,1236.0100655253368,3334.7753657407206,2293.3873439240633,2691.069659038659,1325.7485273141108,5165.976532040525,1675.5710386576632,1706.988431057509,1694.656038625221,1242.1782032448698,2102.3308686315777,2127.6317818849975,2202.463687378104,4143.937027609122,2843.7569498896787,2204.159536786895,1509.0046452885078,2473.037539364068,2220.7656206232,2295.441671958951,2395.097216042289,2610.669201488442,2466.826335221068,2471.9991371993838,2250.7769375283756,2350.968836173456,2286.826236490093,2219.9344637125246,2344.7200977095536,2361.646895098436,2834.6496140536947,2234.079278616829,2332.159574762324,2526.313494727811,2173.9504845630854,2264.8854597058903,2220.515532713497,2260.0790353624466,2935.045198415634,1663.5785094725156,3271.9510128018096,2952.6280318938157,1535.9568927495447
15,CB5 8PA,2236.402984665867,1140.2254936955537,2176.064515752741,3094.5071132028347,3183.3859475490385,3258.855699540458,2267.5196566487552,2626.6030148918653,2717.7517985667814,1929.924427329176,3139.877005360765,448.2834411517292,831.7807414046375,1859.2839791417748,531.1239652749333,0.0,3014.967138004372,2673.6399734803063,2534.779892054006,2955.9593523126705,2833.726314646445,2987.6359655931155,2565.2723152707426,2363.2103946293764,2563.513801645052,1841.64210539759,1906.9039313305673,2450.5043904586996,1716.329753106642,3107.0270875061065,2693.109866535747,2896.192053026314,1627.7794361642684,4639.075294092462,1946.677687192426,2010.7540418083213,2034.277817055608,1632.2161711334184,2562.878572407673,2539.749993779844,2708.4870453828203,4656.488772497233,3055.193377711031,2723.6818285523723,2039.377565914831,2897.192979741151,2701.2896447723565,2797.9031427550017,2884.215480986788,3078.4922231802493,2939.797090567761,2923.1477131409124,2604.7629417952235,2667.2542258791646,2639.2642996946583,2735.451733415359,2826.406265883932,2887.463710222507,3053.1179930523194,2729.302360946014,2820.3996018094413,3056.9515401466942,2693.926648828724,2788.177155434717,2724.963290551938,2762.8099904347873,3392.560174634543,2194.498154733266,3798.5901118767524,3483.3920599365256,2065.514960250065
16,CB3 0AD,934.3579387826308,2194.5794874262187,1007.233345151666,535.7626852073812,594.6617273839353,1169.4734238188787,833.925510815309,488.8284364992936,302.20152398642637,2604.346975285694,1138.9726937738915,3399.8332361908724,2263.3187283248662,2896.5873851450847,2488.3118199998726,3014.967138004372,0.0,942.8279564849122,1333.8574633421674,3051.3606886213724,213.7155200321755,2952.1047667869657,1429.6505495406375,799.963663552246,1222.5241849966478,1414.3312118206877,1475.6594387604866,705.8949820139557,1418.5355858325272,4834.011708328123,1535.9157672325057,2758.3025465087585,2067.2457492824005,7653.827651866685,2158.9813893575893,2026.4829961306714,1868.9438765892246,1778.813507575731,1066.7145492316301,1438.7118671349645,548.7817312957663,2138.10727860123,2809.328198286515,353.9672846596817,991.836887175819,1383.0408031650627,851.3943952552222,565.0869258805587,732.3114486949605,1011.256573640185,926.8591337260359,1148.5339491055292,1822.0263049224016,2060.4705135072095,1838.3808583535344,401.8508500748552,823.7851362615363,130.87439856290288,2770.4541264020595,678.5816497665387,746.8507062980117,243.34474591269006,372.3775955228221,250.80796051513926,562.5155156920829,571.7370813148273,1246.7392764868343,897.9864763166787,1123.5895777024764,678.8435375509894,1054.453458818855
17,CB2 3DT,1308.974383148879,2198.6417318041154,1355.4834865616858,1442.7109133891931,1517.9905334110483,2047.88590673428,1176.6318908524213,545.0267252172641,784.7717133569557,1755.3190481995384,496.83472806918917,2977.444390580547,1844.6806159316016,2066.8638621296177,2201.6671528643296,2673.6399734803063,942.8279564849122,0.0,397.6080837787093,2109.221026764229,763.4967163612453,2009.2775582852348,488.54395457289877,463.07809958218843,285.7448599395855,833.9841392102023,798.3138449016878,454.1734248423912,965.6782205111165,3972.6884986095756,596.2469227529893,1815.4775347617751,1329.0242580979423,7238.8417288819055,1313.8092914436454,1172.5968514223948,1021.3629708799601,1121.1817927222478,149.83109924252616,499.66536601430136,408.3317755719102,3073.54583988793,1868.4721863316693,649.6534612167205,1091.8165810035587,497.3135885214986,91.75391132550209,378.79271758087157,278.85774567945367,409.74686290137237,266.1655575148569,329.9936091799463,879.4587885780356,1117.6518932020956,895.5553555576807,570.838630755594,180.86567087858305,859.6397259256681,1830.1390172822437,264.64569594175293,226.62327934975372,1171.7521098530262,655.0916219898473,754.1352489853292,387.567199865747,371.46353176030294,743.4411818359795,1188.3575938228657,2062.44586990888,1616.511383207279,1301.8830000605512
18,CB2 1AB,1556.8308272729275,2235.649705427808,1589.9592056415283,1817.650463763931,1897.1147341687488,2405.4519436049227,1432.039008616767,899.386112818023,1147.2861493172688,1386.5340707566882,649.8036938775692,2792.342532071635,1706.460843932725,1703.5036272463165,2107.8654509178546,2534.779892054006,1333.8574633421674,397.6080837787093,0.0,1718.752109971376,1144.761185363037,1623.0982043838733,103.79757089417627,704.3910537931632,112.028879216607,737.9784803252466,635.5339152655898,744.5884211827575,920.6454540286428,3588.541574827995,260.7255699678924,1429.433179368536,1041.2325341329429,7016.912580849532,956.3880007059506,814.3781459691529,675.2864686802326,909.6954028061856,268.1863735541855,106.06872978348242,788.4141637553399,3468.9205593495085,1492.7265573998784,1020.0309122346098,1282.1132350319742,365.1762288313567,488.6564467193262,773.9380126218238,663.7314545140066,640.4397630494925,561.3047830505412,427.8573157156571,493.8487664145419,733.6058961196244,514.9441452365018,947.4033120581919,559.1209026995023,1242.5504775847212,1456.078336042436,656.7397699543543,619.9011007867293,1556.431325381419,1019.5997742402259,1129.6074527848189,772.0547163542049,762.9848960646459,889.5391067361364,1426.264889673965,2456.3399308470744,2010.5626509550686,1510.2125670545884
19,CB1 7AG,3137.799135044083,3300.514530766152,3149.024913614264,3532.8018445044986,3614.1183243488636,4103.252566966854,3033.0335810444667,2611.743318209544,2859.7898088923394,1032.084256613593,2104.6687946248717,2955.379210228468,2376.4924322073375,1131.18924474586,2802.531492891506,2955.9593523126705,3051.3606886213724,2109.221026764229,1718.752109971376,0.0,2863.332522419172,135.48660364885836,1621.7268736350115,2371.2483344686934,1829.3624791406078,2014.709301724317,1868.4274538864395,2434.319021002625,2183.767010782795,2218.3042596470395,1525.9803910612075,305.49407867976646,1549.8265825465767,6612.970267420491,1207.7328665401049,1257.032226060721,1374.0101706299276,1799.98898933091,1986.8862751783936,1613.2443830944949,2507.165835102341,5180.632926106324,346.06284860262434,2736.5887464033317,2813.1635318507556,1736.3054349215568,2200.9257335730213,2487.991745862454,2349.357437233122,2184.589067042579,2189.8042587684654,1973.432591848378,1229.873227171863,993.4617224367053,1215.5501865277201,2665.6577639140505,2247.043233895818,2961.2195613456493,386.0212494607204,2372.8597012835658,2318.3069540252554,3275.1374074175646,2734.2066075131697,2847.0924433005835,2490.5706729931235,2479.652801628837,2212.0654595020014,3004.9585504265733,4171.420577516938,3725.516603128712,3038.291085981794
20,CB2 1UW,845.0669144407623,2059.5443902391635,914.8759337644328,679.865247859071,754.5833458654066,1296.1141402802607,727.2601404780737,275.8477343686343,128.15423886165178,2393.1384357471893,1030.2779975798378,3210.5073629304134,2068.420050981931,2684.0071596357375,2310.5878842041684,2833.726314646445,213.7155200321755,763.4967163612453,1144.761185363037,2863.332522419172,0.0,2767.4594846906853,1243.4314632423784,586.2491350373994,1034.9026196381963,1201.7430756203137,1261.9439829682215,492.32347540537495,1211.628962749161,4622.269266203419,1359.738431386122,2573.694698198136,1853.531238996495,7472.319319730783,1948.2939868281412,1816.8255323895717,1659.3103296611446,1565.7810706558307,876.5753317214178,1250.5442089451349,356.9408966580561,2339.344544796456,2631.0640248470604,140.50458094621843,837.8242935916209,1229.3856411377765,674.1740306128062,398.66879584823715,590.6425900975188,899.3599596015938,792.0975360199071,1004.272643231131,1636.9866094607264,1876.5017934272057,1655.3611577888116,198.19096709960584,668.7176565068048,98.22679949357914,2593.034449108312,500.506610773961,590.375201187908,411.99860011036725,159.0685122833512,45.83123848187598,375.98600908450425,395.79360260692084,1175.0503601911316,781.8240566773969,1324.0478996145234,882.7369130537918,937.8461465924263
21,CB1 7AA,3070.870672415084,3284.8883589620987,3084.845731993865,3440.2863458236047,3520.2027794127644,4018.0713111457853,2963.0033489015746,2520.1531660135256,2768.374139615194,1057.727096546613,1985.671437585748,3006.477434102646,2378.7465042008207,1191.5818837242985,2810.7876315800386,2987.6359655931155,2952.1047667869657,2009.2775582852348,1623.0982043838733,135.48660364885836,2767.4594846906853,0.0,1524.079682285717,2288.414206012925,1732.5568703470105,1959.9758904651358,1811.6296547933966,2348.096327548026,2134.772827846608,2353.1956779514608,1420.5070938132765,193.82274545255194,1532.496204825066,6717.191391437797,1182.412046354765,1217.0220858185342,1323.0146978888233,1765.8723351809253,1891.1334453522331,1517.130597846998,2410.674950897783,5076.39834616653,210.62737547334316,2642.9278584687727,2749.900487519984,1622.1270287333698,2100.7653821814665,2387.5680441634054,2243.47632382044,2068.921440336726,2079.481987697676,1860.9345816851671,1130.6346582212589,891.6513433396934,1113.7407808261917,2570.414192622501,2142.09717710652,2865.0195993390107,250.58539980255466,2273.652408422268,2214.569720142872,3178.657967349676,2641.702735898713,2752.7015282378725,2393.1627775529287,2380.5333647550233,2086.6739706939297,2937.587175027316,4069.495227157988,3623.828805168943,2977.012275752929
22,CB2 1DP,1658.0519467986041,2307.288952292871,1690.1697251663675,1918.0929975404506,1996.7967898775833,2508.16446332761,1533.9345721873317,1001.2309360127158,1248.8382151418436,1332.9892633295876,672.0621896391103,2808.772564982037,1741.4278812677512,1652.1012602947721,2151.8553867764535,2565.2723152707426,1429.6505495406375,488.54395457289877,103.79757089417627,1621.7268736350115,1243.4314632423784,1524.079682285717,0.0,807.6906067345636,208.673347680084,799.1934262976407,683.8583192864836,848.3720141525221,987.9176521424121,3519.9296880022125,166.16952258491287,1330.2931702182523,1033.6993512883394,7017.057128514281,914.0237914240046,773.6481226145672,645.7776347640826,933.7033785920214,367.8961861448114,26.538698395002594,886.5994995879855,3562.08961116916,1390.904827173612,1120.421736147237,1379.5093459333714,337.47428897582796,580.2755702190093,867.1131272384199,744.6011172959418,682.2643122076466,622.6794723716198,458.78275151137314,393.56790620629016,633.2087155311135,413.08136860285305,1046.6754943609117,639.8757956082102,1340.9433950971006,1353.9538035341623,751.258255166955,705.2429657350108,1654.5926645235895,1120.7273301849916,1229.3918040080955,869.2281596537066,857.9895419414943,898.9148574532169,1527.0644361827706,2550.737477584305,2104.8154079132732,1608.44370924891
23,CB1 1LN,862.5103231674918,1768.6250095225435,903.0074150332217,1187.381912387285,1276.0959425479477,1732.4207277787154,733.6855852602667,313.7675986873812,528.6623720497536,1817.2216131492096,942.0936452666614,2708.673948693517,1558.1284663696683,2102.344160866928,1860.8323471754602,2363.2103946293764,799.963663552246,463.07809958218843,704.3910537931632,2371.2483344686934,586.2491350373994,2288.414206012925,807.6906067345636,0.0,616.7846797478734,622.121386076275,675.7054306543969,97.33311526588622,665.4745018683686,4042.8336628550123,960.1468564119835,2097.22652657724,1267.2821456689198,6982.59311532755,1375.6845709299919,1249.418207376365,1093.0698168383412,982.6523585830652,475.00968281689904,804.6059017483578,347.22561477135923,2899.9991985320817,2176.5540220193407,446.3469629206774,628.741299100282,939.6924570399456,428.5056294238345,434.95605816346887,552.953791349101,833.5145944102179,680.9683391961743,793.0443721753544,1181.7636144694447,1416.9087388374583,1207.867767993913,416.4032024600447,532.3716322237774,676.7117183085866,2142.1310489463963,380.6067820844305,495.3979963438287,970.1095234390108,428.0802227541367,551.5109679069514,362.0352948619635,399.73243770961784,1173.9741370271192,736.236098611533,1888.4445035058195,1456.238511287268,841.3084271407688
24,CB2 1DB,1476.6170790690817,2212.9831175697564,1513.1000675269709,1709.4684537954006,1788.128755296854,2301.3161072894754,1349.4670445968554,793.4963541000342,1040.758159494132,1486.8196669563508,588.2654998524604,2835.40610665622,1732.3773843905026,1802.1424368220794,2122.1215294970298,2563.513801645052,1222.5241849966478,285.7448599395855,112.028879216607,1829.3624791406078,1034.9026196381963,1732.5568703470105,208.673347680084,616.7846797478734,0.0,739.9487268706011,656.6289198668047,648.4536949702212,911.0943067484783,3695.0177592128907,345.0554086080171,1538.7950597376876,1111.7056243267975,7073.50984852673,1051.692260102516,909.526328262536,764.9426332652864,952.7750195343953,159.42787582895366,216.20074031094072,678.1708051293807,3357.0585058657484,1599.1842553682552,911.819677257563,1214.1297293891073,370.42073878292535,376.65761308956104,661.974774895918,554.612214632359,560.4600233634213,465.71487053873386,365.3351083457595,602.1996132383376,841.8766991720114,621.5654994525845,838.0244546608097,450.4245154611978,1132.4996628275112,1562.0205341534302,544.9467968180104,509.1136819354505,1446.2452419263777,912.3981566056323,1020.7186807036486,661.2103621767349,651.3306199811698,836.5344671021562,1347.7829756029118,2344.678706461187,1898.857053700986,1439.3280259105402
25,CB1 1DG,1145.0079372779562,1513.470083094459,1146.3154056693231,1738.4955150199057,1832.0521506010793,2204.4521556278314,1057.6162167930493,934.6402748646943,1126.1839993569918,1276.762784733251,1300.7064953378979,2145.517999659139,1011.2287154329633,1533.1984729881256,1384.2448372497695,1841.64210539759,1414.3312118206877,833.9841392102023,737.9784803252466,2014.709301724317,1201.7430756203137,1959.9758904651358,799.1934262976407,622.121386076275,739.9487268706011,0.0,150.8177325965591,719.4086685591886,196.4878791042699,3470.8809564080284,957.1398874129942,1783.7302029051787,671.4987298847348,6412.859867467906,866.9191471842362,772.6424102920266,641.173096673787,365.81543512950634,721.7577556269255,778.1161144508877,952.7494709869924,3464.9234738909267,1898.2486946656434,1064.060446489709,811.2951793630481,1099.8412190790507,869.4842987735802,1020.2650060626754,1063.7950061256104,1236.8852395931297,1099.7153075913861,1088.0461734223334,1016.5710391626426,1200.3449302561517,1052.2514143608978,1038.5237678312255,994.5940872082747,1286.998461123834,1872.2101606927329,928.6233726763949,999.4577358120109,1560.7434064673766,1042.7013297893973,1163.5946550011913,960.3022686680623,988.1449319890429,1553.6670476456723,1016.4741996962465,2466.029780702401,2048.391135155167,1028.9629092848957
26,CB1 1BG,1280.5641951046573,1647.8377979966533,1285.6115758562778,1832.9544748985256,1925.2599369260518,2321.192858389598,1187.1117133223827,988.2139821751357,1198.5703734684512,1164.447735048885,1236.705512343373,2186.9877119446196,1075.790940185122,1435.444815391415,1472.3337149792526,1906.9039313305673,1475.6594387604866,798.3138449016878,635.5339152655898,1868.4274538864395,1261.9439829682215,1811.6296547933966,683.8583192864836,675.7054306543969,656.6289198668047,150.8177325965591,0.0,770.3707143074979,342.8783644364437,3376.8469361194634,834.8904377176742,1634.325062889104,591.6202416605521,6441.62219215677,740.0074384467223,635.8630647510834,497.36302116690547,327.03637102203686,669.2232179722871,660.8424410010174,981.4341480891964,3557.6273443390014,1747.8294250806273,1121.9004926878004,949.5095912010439,1000.7091217480066,848.1683067080614,1036.08186412867,1050.400637831224,1186.146719704513,1058.4793325965193,1017.4783603768083,872.1889498556301,1051.0126789560416,908.2168544820975,1086.143985360269,970.4187816660053,1351.950042754481,1721.6108048410683,933.9290543082202,987.0441846481289,1638.5902413699903,1103.7003714182526,1226.9174842763277,984.5874395410318,1006.5337033983603,1488.4141953139485,1150.0969482052712,2552.1312655402703,2126.4930952395666,1171.2095561872754
27,CB1 1LH,854.8099077538573,1827.133585274979,901.7870866697518,1109.949106583283,1196.9127480012612,1669.9773314075342,722.6066182544319,217.85894283623912,442.979495320149,1904.9781842373188,908.9073540917935,2800.167447503297,1649.6364000748001,2192.8861348932855,1944.5048344841507,2450.5043904586996,705.8949820139557,454.1734248423912,744.5884211827575,2434.319021002625,492.32347540537495,2348.096327548026,848.3720141525221,97.33311526588622,648.4536949702212,719.4086685591886,770.3707143074979,0.0,759.8162927969032,4132.436084382869,993.4549831304658,2155.9160474374166,1361.954516889636,7073.700540179791,1461.823962351365,1333.3492133064638,1176.3365939405783,1079.4278622520603,496.42542755183246,848.0981859530586,258.12864507079126,2815.3607850860853,2230.0542284997296,351.9276975748783,654.3623268733721,946.526999788808,401.9042595085932,352.9325028413943,493.83331601500436,793.2986198151508,642.7687576615438,779.1794963975539,1231.59057376201,1469.2174605619,1255.8576194074185,319.15041671455083,489.9502458677396,584.5492141616634,2194.692954889992,317.66792809651787,441.6234133391557,883.0857609966893,335.49401634596035,459.2633559883364,276.28030745904624,317.47229361662335,1131.1529632311308,734.8002320736084,1802.2431266762383,1367.301517335141,853.4135306366062
28,CB1 1HR,1018.6064192159176,1320.2734749250226,1010.0060710896444,1686.849585207052,1781.6278424807347,2109.937343932857,947.4077555662323,961.5452576104793,1119.7372645421722,1390.8141246374146,1449.8445249592805,2046.6317403907017,897.579837390446,1623.3882641916098,1236.0100655253368,1716.329753106642,1418.5355858325272,965.6782205111165,920.6454540286428,2183.767010782795,1211.628962749161,2134.772827846608,987.9176521424121,665.4745018683686,911.0943067484783,196.4878791042699,342.8783644364437,759.8162927969032,0.0,3546.2738098487134,1148.3268016042755,1962.239719364135,758.9799001715276,6320.510849383305,1008.1815109175693,930.0538625959434,811.7631090343633,439.3593853623612,871.0126039796542,967.8492949386496,1011.8220222116347,3407.764875612662,2081.1681302631546,1080.8013476613185,684.0444943269378,1277.4962221235746,986.6323693740336,1092.921071131782,1167.9785416185005,1374.8948759686461,1230.8615992684136,1244.885598132866,1212.8398827108797,1393.7548471620626,1248.5827623032483,1070.2597041808106,1111.334513245062,1288.1625491417278,2056.3613473510404,1016.0628663461105,1104.0993636075646,1537.9673911848167,1055.511241192472,1169.8143068658067,1024.5540973064915,1058.6601868379753,1701.9004200254253,897.007893191524,2422.930077373311,2020.392970446056,885.5430004362503
29,CB1 9HX,4547.867773079507,4048.6234828685674,4525.728048050985,5208.104360319895,5301.049392506809,5655.049526206691,4490.494113234646,4346.5414998341785,4571.068863102088,2230.2150279698044,4142.910674246136,2794.4267371704705,3110.6865545951196,1941.5255258987095,3334.7753657407206,3107.0270875061065,4834.011708328123,3972.6884986095756,3588.541574827995,2218.3042596470395,4622.269266203419,2353.1956779514608,3519.9296880022125,4042.8336628550123,3695.0177592128907,3470.8809564080284,3376.8469361194634,4132.436084382869,3546.2738098487134,0.0,3495.425878114585,2482.7042346427493,2799.8549127109886,4948.622293727808,2676.4586632796254,2812.1904824257545,2969.081383961047,3115.260257513176,3825.258663278976,3500.6038391752545,4301.257667669531,6934.018447329635,2563.521990808779,4482.041773943156,4221.044649228905,3754.652765539589,4057.8603334287573,4323.12578559829,4248.728186702203,4187.680966943176,4142.585360023263,3960.719502246259,3194.827095466735,3011.5288576436183,3199.0620428813286,4433.566840452746,4145.146140148315,4716.50283045557,2602.0132721217356,4205.472945960232,4199.311063418266,5012.450285671231,4467.6694648109815,4591.374180238038,4295.299091731735,4302.423338547843,4306.89833634416,4435.268416818229,5928.566669984463,5499.071255089549,4394.422719068
